[4.jpg]
filters=radblur=1,0.556075,0.548896,-1.000000,-1.000000;
moddate=2bcc0c48c131d101
width=1600
height=949
textactive=0
[5.jpg]
filters=finetune2=1,0.228070,0.000000,0.000000,00000000,0.052632;radblur=1,0.500000,0.500000,-1.000000,-1.000000;
rotate=rotate(0)
moddate=647cf6605643d101
width=1600
height=900
textactive=0
